seed,param,trial,latent,predicted,stdev
94,theta,1,-0.238266,-0.412708,0.373169
94,theta,2,-0.203062,-0.311615,0.440413
94,theta,3,1.334243,0.972216,0.438624
94,theta,4,-0.295858,0.360499,0.448253
94,theta,5,0.503135,-0.327666,0.489003
94,theta,6,0.13264,0.054401,0.44888
94,theta,7,-1.913277,-1.22227,0.538652
94,theta,8,-0.375262,-0.39223,0.440869
94,theta,9,0.004672,-0.122684,0.45783
94,theta,10,-0.273042,-0.123415,0.409059
94,theta,11,0.602886,1.27086,0.485482
94,theta,12,1.380994,1.04595,0.471914
94,theta,13,-1.020392,-0.573891,0.508288
94,theta,14,-0.491509,0.011903,0.441329
94,theta,15,-0.216877,0.04787,0.545912
94,theta,16,1.248973,1.08464,0.496172
94,theta,17,1.607036,1.228265,0.539005
94,theta,18,-0.681396,-0.821728,0.479158
94,theta,19,0.183361,-0.27714,0.509577
94,theta,20,-2.214742,-2.088685,0.631308
94,theta,21,-0.377056,-0.54625,0.52625
94,theta,22,-1.011971,-1.06648,0.523483
94,theta,23,-1.393232,-1.085475,0.465061
94,theta,24,0.075109,0.228352,0.509795
94,theta,25,1.141413,1.21356,0.485853
94,theta,26,0.125322,0.465604,0.436546
94,theta,27,-0.645513,-0.843358,0.502158
94,theta,28,-0.065074,0.338179,0.444555
94,theta,29,0.725392,0.872258,0.467991
94,theta,30,-1.670707,-1.18869,0.500132
94,theta,31,1.600215,1.552355,0.517309
94,theta,32,0.969222,0.700112,0.441005
94,theta,33,-0.755032,-1.02752,0.523858
94,theta,34,-0.404496,-0.2535,0.440737
94,theta,35,2.750448,1.64654,0.538215
94,theta,36,-0.279989,-0.366322,0.505765
94,theta,37,-0.250903,0.427438,0.486924
94,theta,38,0.143073,0.129439,0.45644
94,theta,39,-0.734623,-0.653642,0.523241
94,theta,40,-0.683374,-0.544018,0.53964
94,theta,41,1.125572,0.673624,0.455456
94,theta,42,-0.23785,0.048397,0.49393
94,theta,43,-0.085714,-0.010411,0.428452
94,theta,44,-0.423095,-0.113465,0.522917
94,theta,45,-1.325506,-0.741772,0.539028
94,theta,46,0.644661,0.590816,0.454788
94,theta,47,-0.853847,-0.18962,0.466136
94,theta,48,-0.718746,-1.091615,0.574808
94,theta,49,1.502722,0.551593,0.472424
94,theta,50,-1.489461,-1.21307,0.498998
94,theta,51,-0.488209,-0.26626,0.438116
94,theta,52,-0.404889,-0.510684,0.47641
94,theta,53,1.974214,0.923691,0.446438
94,theta,54,1.720277,2.02811,0.578754
94,theta,55,0.1432,-0.692719,0.444037
94,theta,56,0.386273,0.333762,0.463625
94,theta,57,-0.580786,0.278971,0.438149
94,theta,58,1.346792,1.14799,0.532057
94,theta,59,1.129379,0.471832,0.454241
94,theta,60,-0.377533,-0.161073,0.428319
94,theta,61,-0.385387,0.111858,0.466981
94,theta,62,0.978387,0.878337,0.429218
94,theta,63,0.069201,0.53248,0.412444
94,theta,64,-0.449979,-0.428004,0.516352
94,theta,65,-1.90609,-0.984824,0.485815
94,theta,66,-0.050546,-0.366049,0.477049
94,theta,67,-0.290498,-0.636306,0.474014
94,theta,68,-0.315232,-0.351523,0.486957
94,theta,69,1.199144,1.7689,0.543683
94,theta,70,-0.026809,0.527653,0.422981
94,theta,71,-0.099258,-0.305218,0.460196
94,theta,72,0.362394,1.226245,0.553522
94,theta,73,-0.134592,-0.816245,0.531837
94,theta,74,0.34979,-0.14318,0.525797
94,theta,75,-0.686772,-0.947282,0.512433
94,theta,76,-1.55401,-0.429326,0.475988
94,theta,77,-0.583929,-0.7979,0.453005
94,theta,78,-0.383244,-0.6933,0.501911
94,theta,79,-0.45674,-0.77475,0.465152
94,theta,80,-1.102664,-0.77653,0.452341
94,theta,81,0.236617,0.48327,0.42173
94,theta,82,0.736058,1.140885,0.462006
94,theta,83,0.698987,0.605598,0.470216
94,theta,84,-0.851675,-0.277372,0.500134
94,theta,85,0.475531,0.060546,0.487348
94,theta,86,0.793568,1.52612,0.51115
94,theta,87,-0.427891,-0.917454,0.565617
94,theta,88,0.604839,0.302128,0.458222
94,theta,89,-1.21091,-0.272378,0.421121
94,theta,90,-1.007995,-0.713011,0.56293
94,theta,91,-0.040728,0.230572,0.460209
94,theta,92,2.203999,1.87165,0.535727
94,theta,93,-1.217152,-0.590366,0.507279
94,theta,94,-1.956474,-1.38855,0.519617
94,theta,95,-1.029563,-1.25343,0.532073
94,theta,96,0.095275,0.37052,0.524185
94,theta,97,0.347663,1.18051,0.49444
94,theta,98,-0.310096,0.078577,0.446539
94,theta,99,0.513059,0.151498,0.516724
94,theta,100,1.555842,1.08517,0.484075
94,theta,101,1.414241,1.15233,0.479315
94,theta,102,-1.812588,-0.777002,0.491234
94,theta,103,-0.645161,-0.720277,0.468281
94,theta,104,0.908903,0.322102,0.428256
94,theta,105,0.438948,0.353254,0.429295
94,theta,106,-1.52959,-0.7586,0.48949
94,theta,107,-0.455231,-0.307126,0.441137
94,theta,108,-2.433079,-0.84979,0.583122
94,theta,109,1.232699,0.982972,0.492581
94,theta,110,-0.322788,-0.845398,0.547061
94,theta,111,-0.0708,-0.252962,0.460812
94,theta,112,-0.763601,-0.846586,0.517742
94,theta,113,0.205668,0.120679,0.492969
94,theta,114,-0.440619,-0.269856,0.461998
94,theta,115,-0.940969,-0.862473,0.508549
94,theta,116,0.922329,0.648545,0.488692
94,theta,117,1.473886,1.25955,0.476051
94,theta,118,-0.691539,-1.05184,0.496932
94,theta,119,1.000754,0.732763,0.47002
94,theta,120,0.059136,-0.450959,0.476433
94,theta,121,-0.328746,-0.390407,0.483762
94,theta,122,1.371284,1.79644,0.539038
94,theta,123,-0.789691,-1.1507,0.499901
94,theta,124,2.247456,2.095185,0.569304
94,theta,125,1.544967,0.959486,0.527412
94,theta,126,4.09754,2.622595,0.597822
94,theta,127,2.150865,1.6953,0.557262
94,theta,128,1.923822,1.64291,0.523072
94,theta,129,1.090915,1.092105,0.514401
94,theta,130,0.58169,0.061196,0.420132
94,theta,131,1.416263,1.43113,0.521847
94,theta,132,-1.291723,-1.317305,0.591386
94,theta,133,1.98144,1.620515,0.533716
94,theta,134,0.403941,0.47268,0.396509
94,theta,135,1.191881,0.755703,0.45458
94,theta,136,0.374345,0.472855,0.457937
94,theta,137,-2.039198,-1.551375,0.56477
94,theta,138,-0.218565,-0.359873,0.521387
94,theta,139,1.138846,0.078765,0.53304
94,theta,140,-0.400775,-0.20014,0.487686
94,theta,141,-1.586238,-1.27098,0.528661
94,theta,142,1.121593,0.512592,0.482648
94,theta,143,1.615149,1.81347,0.549517
94,theta,144,-0.844471,-0.600016,0.539895
94,theta,145,3.004436,1.518445,0.52585
94,theta,146,0.69836,0.453703,0.433952
94,theta,147,-0.539093,-0.902932,0.538735
94,theta,148,-1.868101,-1.07356,0.505401
94,theta,149,0.145196,0.025557,0.416178
94,theta,150,0.740021,0.734028,0.474231
94,theta,151,-2.13485,-1.280695,0.516714
94,theta,152,0.38568,0.385856,0.566274
94,theta,153,-0.922106,-0.055395,0.551485
94,theta,154,-1.015717,-0.528147,0.607923
94,theta,155,-0.122858,0.40797,0.426325
94,theta,156,1.361622,1.2345,0.4743
94,theta,157,-1.323214,-1.817715,0.644026
94,theta,158,0.860189,0.92231,0.486506
94,theta,159,1.209199,1.351225,0.509633
94,theta,160,-1.724408,-0.824642,0.459162
94,theta,161,0.219286,0.49249,0.426011
94,theta,162,-0.013969,0.26651,0.468258
94,theta,163,0.945413,0.591003,0.465379
94,theta,164,0.045427,0.091826,0.473254
94,theta,165,-0.312898,-0.275331,0.433188
94,theta,166,2.377378,1.599305,0.520688
94,theta,167,0.915548,1.044895,0.501356
94,theta,168,1.473724,0.993438,0.478099
94,theta,169,-1.699317,-0.938861,0.473575
94,theta,170,-1.439268,-1.021705,0.543301
94,theta,171,1.011629,0.531212,0.482818
94,theta,172,-0.53816,-0.569425,0.635128
94,theta,173,-1.06611,-0.644288,0.491948
94,theta,174,0.265452,-0.192131,0.502154
94,theta,175,1.401359,0.6047,0.406999
94,theta,176,0.150673,-0.295074,0.421457
94,theta,177,0.932348,0.235853,0.484209
94,theta,178,0.157728,-0.021773,0.461377
94,theta,179,-0.633512,-0.224073,0.414479
94,theta,180,0.103805,0.056872,0.381176
94,theta,181,-0.428042,0.276458,0.441076
94,theta,182,-0.10754,0.513972,0.467072
94,theta,183,-1.192105,-0.608722,0.506506
94,theta,184,0.465613,0.446788,0.495075
94,theta,185,0.263077,0.539659,0.516423
94,theta,186,-0.24854,-0.196816,0.490828
94,theta,187,-0.327152,-0.345089,0.486537
94,theta,188,0.405666,0.428184,0.523495
94,theta,189,-0.944291,-0.577512,0.557056
94,theta,190,0.770654,0.91169,0.432658
94,theta,191,-1.993315,-1.501195,0.546983
94,theta,192,-0.477509,-0.83804,0.484656
94,theta,193,0.429434,-0.32831,0.450325
94,theta,194,1.189585,0.72055,0.46022
94,theta,195,-0.313797,-0.115015,0.53319
94,theta,196,0.542795,0.898606,0.451543
94,theta,197,-1.355217,-1.11786,0.552
94,theta,198,1.41901,1.017665,0.454989
94,theta,199,-0.206485,-0.511795,0.498344
94,theta,200,-0.62509,-0.434624,0.461736
94,theta,201,-0.054135,0.776748,0.499687
94,theta,202,-1.471594,-0.984346,0.592285
94,theta,203,-1.679752,-1.558325,0.642272
94,theta,204,-0.490054,-0.571296,0.603415
94,theta,205,-0.241698,-0.200366,0.478697
94,theta,206,1.192429,0.537872,0.427207
94,theta,207,-0.037937,-0.092186,0.449088
94,theta,208,-0.606142,-0.622138,0.545073
94,theta,209,1.062649,0.872077,0.440462
94,theta,210,1.330981,0.20442,0.518278
94,theta,211,-1.7617,-0.85826,0.534257
94,theta,212,0.469712,0.861401,0.465603
94,theta,213,1.199911,1.51949,0.521601
94,theta,214,-0.565868,-0.224159,0.477714
94,theta,215,-0.797663,-0.274126,0.488877
94,theta,216,-0.345049,0.273698,0.439181
94,theta,217,0.197102,-0.482636,0.456296
94,theta,218,0.053968,-0.052924,0.403879
94,theta,219,0.091095,-0.255787,0.420704
94,theta,220,1.388257,0.736414,0.477557
94,theta,221,-0.43507,0.24451,0.405718
94,theta,222,-0.143815,0.166776,0.468447
94,theta,223,0.852945,0.831512,0.434328
94,theta,224,0.319839,-0.257934,0.470979
94,theta,225,1.058806,0.37278,0.458545
94,theta,226,0.478628,-0.332936,0.447073
94,theta,227,1.128724,1.41667,0.49893
94,theta,228,0.88846,0.85029,0.472548
94,theta,229,0.479997,0.655103,0.470285
94,theta,230,-0.649236,-0.203792,0.476195
94,theta,231,-0.453705,-0.958572,0.487664
94,theta,232,-1.122563,-0.74623,0.524236
94,theta,233,1.878859,0.92744,0.515581
94,theta,234,-0.195334,-0.457976,0.539239
94,theta,235,-0.394229,-0.502014,0.475044
94,theta,236,2.077499,1.93072,0.561358
94,theta,237,0.486585,-0.31556,0.527635
94,theta,238,-0.459836,-0.42285,0.404669
94,theta,239,1.001202,0.377905,0.419771
94,theta,240,0.668585,0.351939,0.527005
94,theta,241,0.930309,0.9887,0.465422
94,theta,242,-0.894326,-0.350412,0.446104
94,theta,243,1.362389,0.978069,0.459448
94,theta,244,1.417511,1.39309,0.55025
94,theta,245,-0.219051,-0.232729,0.49948
94,theta,246,0.377637,0.020672,0.469927
94,theta,247,0.506614,0.46649,0.481426
94,theta,248,0.277791,0.214784,0.470999
94,theta,249,0.253852,0.49963,0.492681
94,theta,250,-0.252414,-0.029159,0.532622
94,theta,251,0.300896,-0.471104,0.415974
94,theta,252,0.487027,-0.088725,0.452782
94,theta,253,1.473827,1.361365,0.512398
94,theta,254,-1.67643,-1.974005,0.604537
94,theta,255,0.818133,0.650681,0.437943
94,theta,256,-0.328416,0.135012,0.454724
94,theta,257,0.060817,0.74158,0.459991
94,theta,258,-0.242759,-0.53173,0.426265
94,theta,259,-0.409471,-0.315876,0.435174
94,theta,260,0.247892,0.091799,0.395186
94,theta,261,1.876077,0.948308,0.495688
94,theta,262,-0.297146,0.427917,0.470598
94,theta,263,1.89985,0.60837,0.493677
94,theta,264,-0.776741,-0.6179,0.508113
94,theta,265,-0.786869,-0.487394,0.519019
94,theta,266,0.854,1.079755,0.506733
94,theta,267,-1.267663,-1.37796,0.509016
94,theta,268,-0.840611,-0.372287,0.439235
94,theta,269,-1.511472,-0.895348,0.466099
94,theta,270,0.540328,0.410446,0.421329
94,theta,271,1.314264,1.379185,0.505023
94,theta,272,0.106211,0.101854,0.453427
94,theta,273,-1.009564,-0.937259,0.573988
94,theta,274,-1.101996,-0.457136,0.471837
94,theta,275,0.259661,0.314681,0.455539
94,theta,276,-0.410547,-0.29536,0.538661
94,theta,277,0.44407,0.17863,0.481526
94,theta,278,0.856201,0.116938,0.475758
94,theta,279,0.923085,0.793062,0.477105
94,theta,280,-1.164757,-0.772182,0.561645
94,theta,281,-0.377441,-0.609673,0.549994
94,theta,282,-0.825585,-0.423754,0.436229
94,theta,283,-0.919508,-1.13385,0.493371
94,theta,284,0.130089,-0.334904,0.42807
94,theta,285,0.550189,0.624764,0.469112
94,theta,286,-0.930643,-1.65829,0.515003
94,theta,287,-1.866085,-1.2608,0.547327
94,theta,288,0.423483,0.275298,0.512277
94,theta,289,2.466444,1.575305,0.534287
94,theta,290,-0.957868,-1.132265,0.592996
94,theta,291,-1.173992,-1.76075,0.559133
94,theta,292,-0.3835,-0.133936,0.429146
94,theta,293,-1.567333,-0.791164,0.54284
94,theta,294,0.710798,0.706529,0.457518
94,theta,295,-0.446969,-0.064896,0.540937
94,theta,296,-1.203786,-1.19433,0.52749
94,theta,297,0.509976,0.3974,0.448216
94,theta,298,0.850838,1.238135,0.52577
94,theta,299,0.058757,0.247466,0.455988
94,theta,300,-0.58324,-0.284861,0.536288
94,theta,301,-0.074418,0.023679,0.444867
94,theta,302,-0.366189,-0.985774,0.521739
94,theta,303,1.385191,1.16055,0.492013
94,theta,304,-0.469658,-0.117973,0.4684
94,theta,305,-1.658668,-1.41702,0.607015
94,theta,306,-0.623732,-0.325791,0.465457
94,theta,307,0.63112,0.76107,0.441115
94,theta,308,-2.450996,-1.48871,0.615257
94,theta,309,1.147257,0.369924,0.548025
94,theta,310,-1.917998,-0.999122,0.639862
94,theta,311,-1.141031,-1.076665,0.540081
94,theta,312,2.037165,0.817349,0.519562
94,theta,313,0.588425,0.156526,0.420405
94,theta,314,-0.330203,-0.57081,0.543442
94,theta,315,-1.319559,-0.585312,0.496066
94,theta,316,-0.068478,0.492453,0.449953
94,theta,317,-1.194883,-0.315154,0.429043
94,theta,318,-0.261406,-0.39448,0.442606
94,theta,319,1.145149,0.729384,0.454214
94,theta,320,1.720906,1.186955,0.469691
94,theta,321,-0.566186,0.334786,0.471138
94,theta,322,0.771936,0.935848,0.456165
94,theta,323,-0.486389,-0.110219,0.464126
94,theta,324,0.594239,-0.144604,0.433001
94,theta,325,1.408582,1.013155,0.495274
94,theta,326,1.249928,0.385016,0.450472
94,theta,327,3.882857,2.039405,0.573378
94,theta,328,-0.764137,-0.416008,0.491096
94,theta,329,0.209411,-0.027864,0.408185
94,theta,330,0.608131,1.31064,0.492939
94,theta,331,-1.345262,-1.02069,0.549224
94,theta,332,-0.057524,-0.372178,0.441899
94,theta,333,0.972023,0.849386,0.423254
94,theta,334,-2.491796,-0.905495,0.542696
94,theta,335,0.964871,0.419291,0.426502
94,theta,336,-3.109517,-0.860839,0.561131
94,theta,337,2.579621,1.699155,0.519983
94,theta,338,0.945899,0.518228,0.43777
94,theta,339,-0.695113,-0.605045,0.521091
94,theta,340,0.645637,1.29067,0.510965
94,theta,341,-1.05411,-0.968082,0.590552
94,theta,342,1.190072,1.115365,0.506713
94,theta,343,0.647821,0.542043,0.488914
94,theta,344,-0.10061,0.11618,0.435832
94,theta,345,0.686856,0.015623,0.397862
94,theta,346,0.470611,0.275476,0.445697
94,theta,347,0.107189,0.112632,0.494232
94,theta,348,0.830016,0.62663,0.475081
94,theta,349,0.696974,0.970639,0.467279
94,theta,350,-0.915254,-1.072785,0.493615
94,theta,351,-2.416226,-2.22278,0.669428
94,theta,352,0.051259,-0.454486,0.51994
94,theta,353,-0.648161,-0.03871,0.412773
94,theta,354,-1.045688,-0.750596,0.511806
94,theta,355,0.36136,0.721176,0.452069
94,theta,356,1.743237,1.60328,0.538434
94,theta,357,-1.615786,-1.480945,0.539522
94,theta,358,0.159984,0.634184,0.434424
94,theta,359,1.072184,-0.110634,0.499362
94,theta,360,1.422848,0.927112,0.454907
94,theta,361,1.111373,1.55223,0.525801
94,theta,362,0.719122,0.640615,0.428724
94,theta,363,1.041832,1.794875,0.512532
94,theta,364,1.727216,0.90957,0.50805
94,theta,365,0.411778,0.389606,0.406177
94,theta,366,-0.690035,-1.74889,0.530608
94,theta,367,1.598048,1.474445,0.513834
94,theta,368,-0.037899,-0.015828,0.483621
94,theta,369,-1.000276,-1.231245,0.571544
94,theta,370,-0.822808,-0.375036,0.484032
94,theta,371,-0.780589,-1.07968,0.556785
94,theta,372,1.365391,2.22815,0.597103
94,theta,373,0.009742,0.509229,0.419714
94,theta,374,-0.741817,-1.38275,0.504061
94,theta,375,-0.950298,-1.161055,0.613196
94,theta,376,-0.410566,-0.238957,0.470391
94,theta,377,-0.324954,-0.622898,0.526426
94,theta,378,-0.099848,-0.672345,0.552297
94,theta,379,-0.328036,0.048571,0.43751
94,theta,380,-1.010186,-0.66227,0.521678
94,theta,381,0.393972,-0.004337,0.481
94,theta,382,-0.970763,-0.752884,0.502237
94,theta,383,1.08781,1.21951,0.489799
94,theta,384,-0.199063,-0.228945,0.507615
94,theta,385,0.327592,-0.580117,0.582582
94,theta,386,-0.639607,-1.517905,0.538989
94,theta,387,-0.328347,-0.302492,0.458568
94,theta,388,-1.277106,-0.699277,0.440634
94,theta,389,0.097608,-0.049179,0.472503
94,theta,390,-0.095179,0.218818,0.476416
94,theta,391,1.384821,1.20886,0.488754
94,theta,392,0.931921,1.17745,0.497962
94,theta,393,-2.736777,-1.776075,0.67086
94,theta,394,-0.980798,-1.424825,0.559024
94,theta,395,-0.827368,-0.238014,0.464208
94,theta,396,0.664454,0.480495,0.429556
94,theta,397,0.241615,-0.160806,0.412367
94,theta,398,-1.552462,-0.33912,0.481587
94,theta,399,-0.779642,-0.204265,0.441253
94,theta,400,-0.351086,-0.561444,0.46695
94,theta,401,-1.092782,-1.008315,0.537899
94,theta,402,0.981813,0.904912,0.467886
94,theta,403,-1.863267,-1.36819,0.556504
94,theta,404,0.518548,-0.115819,0.447216
94,theta,405,-1.406039,-0.971728,0.498112
94,theta,406,0.846777,0.948822,0.477793
94,theta,407,1.353803,1.057805,0.476917
94,theta,408,1.463417,1.16266,0.510322
94,theta,409,0.330272,0.49077,0.462184
94,theta,410,-0.632728,-0.149446,0.455305
94,theta,411,-0.139581,-0.165065,0.533249
94,theta,412,0.093054,-0.044337,0.392092
94,theta,413,-0.180901,-0.527112,0.418393
94,theta,414,-0.96792,-0.647689,0.518796
94,theta,415,-0.95826,-0.199283,0.478868
94,theta,416,0.112766,0.49027,0.480258
94,theta,417,-0.276139,-0.098142,0.468483
94,theta,418,-0.092983,-1.040365,0.51489
94,theta,419,1.365479,0.734922,0.514738
94,theta,420,1.343806,0.377984,0.45146
94,theta,421,1.140612,1.29393,0.50689
94,theta,422,0.504803,0.830961,0.474802
94,theta,423,0.901713,0.68195,0.438031
94,theta,424,-0.561042,-0.3093,0.464623
94,theta,425,-0.917524,-0.872302,0.50833
94,theta,426,0.409777,0.140969,0.510284
94,theta,427,-0.042927,-0.284495,0.511282
94,theta,428,-1.269386,-1.106145,0.529481
94,theta,429,-1.927786,-0.734019,0.521573
94,theta,430,2.303067,2.058725,0.56169
94,theta,431,-0.454463,-0.63617,0.47467
94,theta,432,-0.074609,-0.587278,0.456832
94,theta,433,-0.24196,-0.407246,0.492472
94,theta,434,1.294646,0.671402,0.440988
94,theta,435,-0.298619,0.093271,0.556613
94,theta,436,-0.212475,-0.039104,0.419646
94,theta,437,-1.065775,-1.29175,0.591053
94,theta,438,-0.959802,-1.06822,0.509667
94,theta,439,1.580085,1.83585,0.526644
94,theta,440,1.474469,1.056825,0.487475
94,theta,441,-1.014322,-0.725816,0.486985
94,theta,442,-0.537075,-0.413419,0.435848
94,theta,443,-1.030684,-0.774571,0.465281
94,theta,444,1.878856,1.458695,0.486887
94,theta,445,-0.631552,-0.232942,0.458306
94,theta,446,-0.965466,-1.313965,0.554796
94,theta,447,1.212903,0.164851,0.440823
94,theta,448,1.536561,1.48068,0.50485
94,theta,449,-0.186631,0.21317,0.411474
94,theta,450,1.465985,1.307985,0.493212
94,theta,451,-0.432855,-0.221074,0.485595
94,theta,452,-0.345182,-0.208612,0.511681
94,theta,453,1.411627,1.8791,0.556979
94,theta,454,-1.21967,-0.69468,0.50476
94,theta,455,-0.043414,0.12101,0.542416
94,theta,456,0.143979,0.394738,0.488197
94,theta,457,1.309349,1.040985,0.477708
94,theta,458,0.023453,0.079037,0.425559
94,theta,459,1.002785,1.109955,0.508939
94,theta,460,-0.108593,0.041949,0.461735
94,theta,461,-0.318485,-0.61607,0.450933
94,theta,462,1.339035,0.924364,0.445401
94,theta,463,-0.424235,-0.237918,0.409574
94,theta,464,-2.587546,-1.9455,0.536492
94,theta,465,1.629837,1.30759,0.503384
94,theta,466,0.692428,0.747896,0.465668
94,theta,467,-0.485919,0.111892,0.450211
94,theta,468,-1.118052,-0.535787,0.484465
94,theta,469,0.341898,0.6488,0.437263
94,theta,470,-0.656777,-1.077425,0.525504
94,theta,471,-0.363101,-0.785716,0.502018
94,theta,472,1.138694,1.031565,0.452461
94,theta,473,2.548599,2.130285,0.571136
94,theta,474,0.449612,0.29939,0.428395
94,theta,475,-1.27976,-1.212925,0.531645
94,theta,476,0.659437,1.519465,0.50523
94,theta,477,-0.832291,-1.038155,0.557318
94,theta,478,1.196396,0.712635,0.432889
94,theta,479,-0.273495,-0.377896,0.462964
94,theta,480,-0.96191,-1.236315,0.500936
94,theta,481,0.056995,-0.143384,0.448676
94,theta,482,-0.781883,-0.503197,0.515356
94,theta,483,-1.700486,-1.666515,0.515409
94,theta,484,1.088774,1.084825,0.50869
94,theta,485,0.763737,1.191675,0.52556
94,theta,486,0.947539,1.36508,0.507419
94,theta,487,0.516124,0.753547,0.485089
94,theta,488,-0.613883,-0.461583,0.448633
94,theta,489,-0.619023,-0.16461,0.439826
94,theta,490,0.844803,1.077355,0.457314
94,theta,491,-0.053778,-0.087664,0.394898
94,theta,492,0.032423,-0.197892,0.464386
94,theta,493,1.104192,0.744703,0.439275
94,theta,494,-0.037828,0.488642,0.42191
94,theta,495,-0.462232,-0.40685,0.51772
94,theta,496,2.249346,1.204465,0.477379
94,theta,497,1.881043,1.732555,0.547015
94,theta,498,-0.043382,0.49708,0.503663
94,theta,499,-1.647039,-0.35912,0.509287
94,theta,500,2.073739,0.928308,0.515416
94,theta,501,-1.611593,-0.76875,0.52361
94,theta,502,-0.926616,-0.652112,0.534346
94,theta,503,-0.677919,-0.56188,0.473817
94,theta,504,0.01129,0.678494,0.433805
94,theta,505,-0.32455,-0.026706,0.47977
94,theta,506,-1.293683,-1.310355,0.515243
94,theta,507,0.073141,-0.135656,0.499108
94,theta,508,0.101806,-0.477733,0.540643
94,theta,509,-0.766547,-0.38566,0.508844
94,theta,510,-0.69991,-0.94414,0.47125
94,theta,511,-0.144366,0.599419,0.434508
94,theta,512,1.783826,1.386275,0.500529
94,theta,513,1.142317,1.455695,0.50339
94,theta,514,0.395025,0.435531,0.462616
94,theta,515,-1.610046,-0.881562,0.531793
94,theta,516,-0.810414,-1.098455,0.61505
94,theta,517,-0.359101,-0.51102,0.46863
94,theta,518,-0.111342,0.050856,0.435999
94,theta,519,-1.262511,-0.311695,0.445033
94,theta,520,-2.169915,-1.49447,0.520696
94,theta,521,0.271889,0.465584,0.495364
94,theta,522,0.115098,-0.384976,0.482966
94,theta,523,2.190006,1.09238,0.467655
94,theta,524,0.080376,0.149795,0.456439
94,theta,525,-0.187814,-0.86071,0.561002
94,theta,526,-0.433452,-0.593471,0.457959
94,theta,527,-0.560366,-0.053179,0.446533
94,theta,528,1.696169,0.802334,0.517525
94,theta,529,1.204279,0.556679,0.465026
94,theta,530,1.502385,1.281655,0.500881
94,theta,531,0.283055,0.054189,0.441896
94,theta,532,-1.198852,-0.721818,0.467794
94,theta,533,-0.837734,-0.497882,0.470672
94,theta,534,-1.135873,-1.65894,0.493948
94,theta,535,-2.606128,-0.806162,0.500955
94,theta,536,-0.680865,-0.611983,0.488386
94,theta,537,-1.043679,-1.281675,0.472126
94,theta,538,-0.447205,-0.96881,0.597727
94,theta,539,-0.011973,0.530222,0.455138
94,theta,540,-0.348566,-0.18798,0.475231
94,theta,541,0.249938,0.560512,0.472828
94,theta,542,0.424262,0.37546,0.404272
94,theta,543,-0.347969,-0.834826,0.500696
94,theta,544,-0.039706,0.158243,0.445841
94,theta,545,-2.667071,-2.15469,0.58113
94,theta,546,-0.543613,-0.019583,0.443774
94,theta,547,-0.058401,0.121566,0.499797
94,theta,548,1.463324,1.460725,0.528667
94,theta,549,-1.209476,-0.439978,0.489442
94,theta,550,-0.06838,-0.251799,0.488315
94,theta,551,-0.997865,-1.095745,0.506508
94,theta,552,1.374923,1.297435,0.485186
94,theta,553,-0.663641,0.218832,0.424778
94,theta,554,-0.80885,-0.687731,0.575153
94,theta,555,0.676227,0.894016,0.473312
94,theta,556,1.594579,1.67318,0.566243
94,theta,557,-0.605114,-0.181912,0.422306
94,theta,558,1.23965,1.181605,0.483422
94,theta,559,0.158138,-0.866758,0.451342
94,theta,560,-0.351179,-0.54393,0.411402
94,theta,561,-0.873001,-0.563854,0.473291
94,theta,562,0.772863,1.35485,0.481694
94,theta,563,0.135671,-0.391652,0.469012
94,theta,564,-1.008709,-0.991885,0.573023
94,theta,565,2.068068,1.48854,0.511844
94,theta,566,-1.06069,-0.921274,0.414599
94,theta,567,0.091153,-0.530576,0.509873
94,theta,568,0.354883,0.30737,0.451442
94,theta,569,-1.106418,-0.46902,0.47739
94,theta,570,1.119348,0.907202,0.467944
94,theta,571,0.928845,0.700958,0.461116
94,theta,572,-0.411748,-0.401684,0.44729
94,theta,573,-0.504468,-0.354573,0.4682
94,theta,574,0.691553,0.559372,0.448743
94,theta,575,1.753067,1.323415,0.490583
94,theta,576,-0.62616,-0.454718,0.495602
94,theta,577,-0.374019,-0.657779,0.427598
94,theta,578,0.804493,0.168944,0.49051
94,theta,579,0.656204,0.269196,0.431751
94,theta,580,0.207156,0.174198,0.414094
94,theta,581,-1.242153,-1.57615,0.506108
94,theta,582,1.546385,1.436685,0.484525
94,theta,583,1.856735,1.260435,0.520329
94,theta,584,-0.37134,0.776911,0.488406
94,theta,585,-0.503182,-0.399496,0.43009
94,theta,586,-0.365526,-0.61053,0.456783
94,theta,587,-0.042771,0.70977,0.485972
94,theta,588,0.288469,-0.833934,0.565991
94,theta,589,-0.217128,-0.235302,0.496678
94,theta,590,-0.294093,-0.214428,0.422794
94,theta,591,-0.808231,-0.083032,0.447833
94,theta,592,0.130221,-0.52315,0.515209
94,theta,593,0.907494,1.02319,0.475296
94,theta,594,0.011364,-0.24357,0.518305
94,theta,595,-0.346548,-0.386722,0.466661
94,theta,596,1.12351,1.116775,0.501523
94,theta,597,-1.054506,-1.21767,0.598635
94,theta,598,0.963325,0.973848,0.493564
94,theta,599,0.747228,0.598852,0.481168
94,theta,600,0.210196,0.236849,0.429189
94,theta,601,1.269753,0.341538,0.421953
94,theta,602,-2.826194,-1.627635,0.615042
94,theta,603,1.57287,0.942974,0.503524
94,theta,604,0.069131,0.198764,0.481058
94,theta,605,-0.373648,-0.28703,0.454273
94,theta,606,-0.098907,0.230411,0.433172
94,theta,607,-0.46438,-0.333778,0.428726
94,theta,608,-0.552369,-0.036307,0.467246
94,theta,609,-0.329913,-0.274474,0.639755
94,theta,610,0.182141,0.288558,0.461603
94,theta,611,1.111069,0.863359,0.451327
94,theta,612,0.287129,0.875088,0.512997
94,theta,613,-0.401096,-0.744536,0.446604
94,theta,614,0.851756,0.149313,0.461412
94,theta,615,-0.259298,-0.027713,0.421264
94,theta,616,0.725874,0.76185,0.439753
94,theta,617,-1.831882,-1.53133,0.682985
94,theta,618,1.141077,1.37268,0.50421
94,theta,619,-0.397944,-0.030895,0.464614
94,theta,620,-0.206335,-0.568488,0.552118
94,theta,621,-1.181008,-0.942618,0.515213
94,theta,622,-0.808146,-0.598964,0.471374
94,theta,623,0.947315,0.679872,0.455649
94,theta,624,0.227862,-0.08637,0.459532
94,theta,625,-0.317937,0.622275,0.490855
94,theta,626,0.561091,0.533888,0.456725
94,theta,627,0.237441,0.363964,0.474217
94,theta,628,-0.693623,0.007902,0.407299
94,theta,629,0.262315,-0.241324,0.481814
94,theta,630,0.874286,0.984118,0.474405
94,theta,631,-0.922117,-0.643581,0.519344
94,theta,632,0.260515,0.662116,0.430603
94,theta,633,0.681802,0.549958,0.447154
94,theta,634,-1.565267,-0.796142,0.465001
94,theta,635,0.272246,0.027976,0.440518
94,theta,636,-1.153324,-1.348845,0.540744
94,theta,637,0.994737,1.66888,0.520882
94,theta,638,-0.138456,0.428608,0.3712
94,theta,639,0.597155,-0.00431,0.471673
94,theta,640,-0.366411,0.351473,0.530738
94,theta,641,1.47641,1.01443,0.459045
94,theta,642,-1.290714,-0.751987,0.565148
94,theta,643,0.810783,0.689152,0.439354
94,theta,644,-0.269122,-0.767022,0.546313
94,theta,645,1.328938,1.568715,0.501072
94,theta,646,-0.803816,-0.057217,0.510478
94,theta,647,-0.932782,-0.859048,0.576232
94,theta,648,-0.858609,-0.606382,0.491438
94,theta,649,0.978691,1.237425,0.507455
94,theta,650,-0.632348,-0.295098,0.436643
94,theta,651,0.010847,0.822692,0.535662
94,theta,652,-1.064871,-0.594794,0.535896
94,theta,653,-1.028278,-0.659695,0.494616
94,theta,654,0.124353,-0.100624,0.389174
94,theta,655,-0.641967,-0.852547,0.460546
94,theta,656,1.031464,1.100565,0.470844
94,theta,657,0.956127,0.592804,0.45509
94,theta,658,-0.680825,-0.522829,0.433169
94,theta,659,-0.079365,-0.725328,0.548812
94,theta,660,0.488019,0.756062,0.49558
94,theta,661,-1.181166,-1.43113,0.501507
94,theta,662,0.532232,0.140938,0.504448
94,theta,663,-0.385567,-0.24818,0.403822
94,theta,664,-0.023262,-0.008625,0.488838
94,theta,665,0.366005,0.041961,0.422759
94,theta,666,-0.708782,-0.330588,0.382651
94,theta,667,-1.480273,-0.456785,0.46622
94,theta,668,-1.076202,-1.31564,0.493634
94,theta,669,0.389904,-0.04594,0.429635
94,theta,670,-0.927868,-0.812384,0.511936
94,theta,671,-0.505115,-0.710764,0.47403
94,theta,672,0.140957,0.246569,0.443685
94,theta,673,-0.529109,-0.101188,0.444459
94,theta,674,0.268184,0.23371,0.479544
94,theta,675,-0.42222,-0.113628,0.444463
94,theta,676,0.271875,0.965794,0.490084
94,theta,677,-0.871627,-0.900337,0.484126
94,theta,678,-0.884441,-0.58772,0.443168
94,theta,679,0.106454,0.174816,0.406697
94,theta,680,0.248567,0.413696,0.428665
94,theta,681,1.535791,1.255875,0.503113
94,theta,682,-0.057179,0.726283,0.453694
94,theta,683,0.101342,-0.222658,0.452383
94,theta,684,-0.655228,-1.112895,0.515398
94,theta,685,1.006716,0.373876,0.451765
94,theta,686,-1.325798,-0.279148,0.462787
94,theta,687,-0.528498,0.07488,0.483129
94,theta,688,-0.59361,-0.429863,0.414237
94,theta,689,0.468924,0.17966,0.466495
94,theta,690,-0.385101,0.536328,0.434709
94,theta,691,-0.853661,-1.004915,0.528019
94,theta,692,2.035664,1.7201,0.554121
94,theta,693,1.958751,1.72605,0.532539
94,theta,694,0.450566,0.684437,0.442691
94,theta,695,-0.694957,-1.344665,0.601235
94,theta,696,1.048399,0.679875,0.491855
94,theta,697,0.090884,0.358494,0.40386
94,theta,698,1.815725,0.785744,0.477665
94,theta,699,1.400841,0.676791,0.426359
94,theta,700,-0.058053,-0.657312,0.53416
94,theta,701,-1.815962,-0.48367,0.464945
94,theta,702,1.404248,0.891334,0.458679
94,theta,703,0.30958,0.503148,0.428841
94,theta,704,-1.416145,-0.959459,0.519768
94,theta,705,-0.671879,-0.836548,0.536951
94,theta,706,-1.792268,-0.705627,0.498061
94,theta,707,-0.336315,-0.135804,0.41184
94,theta,708,0.26505,0.017704,0.504599
94,theta,709,-0.824938,-0.629527,0.447286
94,theta,710,1.167026,0.951909,0.439392
94,theta,711,-0.474775,-0.401742,0.466801
94,theta,712,0.213645,0.084068,0.464263
94,theta,713,0.157342,0.548726,0.440209
94,theta,714,-0.54292,-0.599879,0.50843
94,theta,715,1.158539,0.850874,0.463119
94,theta,716,0.876902,0.926226,0.471533
94,theta,717,0.111323,-0.006915,0.430485
94,theta,718,0.417065,-0.10256,0.467807
94,theta,719,-0.049456,0.09467,0.4397
94,theta,720,1.014927,1.066185,0.472806
94,theta,721,-2.224184,-0.472449,0.556855
94,theta,722,-0.620647,-0.479564,0.433238
94,theta,723,0.756755,0.571845,0.449264
94,theta,724,-1.044286,-0.854467,0.516454
94,theta,725,2.090577,1.25413,0.529226
94,theta,726,0.904167,0.636035,0.449358
94,theta,727,0.225721,0.661902,0.444584
94,theta,728,0.539684,0.02279,0.418121
94,theta,729,-1.064484,-1.339295,0.473347
94,theta,730,0.37528,0.21621,0.442714
94,theta,731,1.569222,0.80944,0.446926
94,theta,732,-0.897188,-0.627011,0.511196
94,theta,733,0.350234,1.1958,0.481723
94,theta,734,0.203994,-0.253529,0.445905
94,theta,735,0.317866,-0.084788,0.489123
94,theta,736,0.947519,0.586037,0.46895
94,theta,737,0.75034,0.392295,0.498166
94,theta,738,0.532193,-0.197458,0.437311
94,theta,739,0.292355,0.577058,0.469873
94,theta,740,1.380677,1.35141,0.508003
94,theta,741,0.653789,0.669563,0.478135
94,theta,742,0.950302,0.430778,0.422552
94,theta,743,-0.93918,-1.225595,0.516449
94,theta,744,-0.643762,-0.938414,0.524408
94,theta,745,-1.313971,-0.560956,0.463329
94,theta,746,-0.473908,-0.524817,0.4621
94,theta,747,1.243204,1.3299,0.499872
94,theta,748,1.018988,0.732259,0.460364
94,theta,749,-2.870419,-2.00608,0.612318
94,theta,750,0.586113,1.01964,0.456669
94,theta,751,-0.046234,-0.610445,0.478014
94,theta,752,0.189074,0.034318,0.492428
94,theta,753,-0.763533,0.05653,0.445351
94,theta,754,-0.21256,0.145298,0.483365
94,theta,755,2.321734,1.260265,0.52709
94,theta,756,0.431979,0.301027,0.433587
94,theta,757,-1.829357,-0.994284,0.566151
94,theta,758,1.476647,0.716996,0.4873
94,theta,759,-0.911051,0.36523,0.435528
94,theta,760,-2.0396,-1.49911,0.589935
94,theta,761,-0.848213,-0.407111,0.490613
94,theta,762,-0.060815,0.127609,0.451545
94,theta,763,1.893543,1.37161,0.505696
94,theta,764,1.748167,1.47533,0.502514
94,theta,765,0.161589,0.029632,0.444864
94,theta,766,2.415664,2.049745,0.555762
94,theta,767,-0.094262,0.37555,0.433734
94,theta,768,0.718231,0.752618,0.442087
94,theta,769,-0.478702,-0.59032,0.433421
94,theta,770,-0.886789,-0.740344,0.532352
94,theta,771,-1.53158,-1.470455,0.577291
94,theta,772,-1.063531,-1.323715,0.484357
94,theta,773,0.678525,0.013586,0.49039
94,theta,774,0.406886,0.351704,0.478249
94,theta,775,-0.896999,-0.089041,0.470658
94,theta,776,0.466008,0.268204,0.425179
94,theta,777,-1.561127,-0.634292,0.56092
94,theta,778,-1.02758,-1.13829,0.564731
94,theta,779,-1.29642,-1.303825,0.511777
94,theta,780,0.871822,0.77563,0.45823
94,theta,781,-0.232301,0.817934,0.506201
94,theta,782,1.016163,0.830618,0.486488
94,theta,783,-1.086707,-0.474011,0.499067
94,theta,784,-2.370296,-1.153615,0.525089
94,theta,785,-1.329244,-0.634815,0.446116
94,theta,786,0.840598,0.607822,0.462187
94,theta,787,0.454044,-0.088506,0.448567
94,theta,788,-0.996875,-1.17887,0.484272
94,theta,789,-1.467461,-0.672214,0.516063
94,theta,790,0.12729,0.556928,0.41537
94,theta,791,0.3281,1.02447,0.462935
94,theta,792,-0.30721,0.286078,0.4206
94,theta,793,-0.217875,-0.153986,0.45744
94,theta,794,0.006355,0.566854,0.458379
94,theta,795,0.409821,0.218731,0.43637
94,theta,796,-1.192324,-1.51244,0.526659
94,theta,797,-0.865332,-1.34088,0.525631
94,theta,798,-1.264142,-0.652796,0.484115
94,theta,799,-0.559074,-1.238055,0.53766
94,theta,800,-0.409207,-1.036195,0.55029
94,theta,801,-0.454175,-0.149709,0.567128
94,theta,802,-1.090281,-1.057405,0.533962
94,theta,803,0.938949,-0.316393,0.448757
94,theta,804,-0.33136,0.11082,0.490896
94,theta,805,0.596979,-0.093246,0.471767
94,theta,806,1.074028,0.79615,0.440705
94,theta,807,0.366329,-0.262336,0.429342
94,theta,808,0.339901,-0.064191,0.447844
94,theta,809,-0.848871,-1.0154,0.480393
94,theta,810,-0.45899,-0.615671,0.591843
94,theta,811,-0.362455,-0.516342,0.494802
94,theta,812,1.340095,1.164455,0.493532
94,theta,813,1.463682,0.827053,0.455456
94,theta,814,0.045841,0.227858,0.467197
94,theta,815,-0.360582,-0.980374,0.550064
94,theta,816,0.842617,0.682318,0.497174
94,theta,817,-0.256748,0.073596,0.470843
94,theta,818,0.152962,0.369305,0.464318
94,theta,819,-0.221253,-0.178096,0.462649
94,theta,820,0.295009,-0.324044,0.508721
94,theta,821,-1.065282,-1.33219,0.467062
94,theta,822,-0.861677,-0.980244,0.439084
94,theta,823,1.294963,0.783834,0.446935
94,theta,824,-0.822291,-1.184475,0.523699
94,theta,825,0.88052,0.608801,0.471067
94,theta,826,0.484009,0.074012,0.452328
94,theta,827,0.370103,1.04742,0.483593
94,theta,828,-1.496056,-0.80913,0.532935
94,theta,829,1.796675,1.063015,0.485915
94,theta,830,-2.019965,-1.791465,0.533438
94,theta,831,-1.277957,-1.833915,0.577186
94,theta,832,-0.026731,-0.464264,0.460754
94,theta,833,1.545011,0.862918,0.480026
94,theta,834,-2.101437,-1.45144,0.528902
94,theta,835,-1.019346,-1.18687,0.505473
94,theta,836,0.794044,1.24627,0.471015
94,theta,837,0.232419,0.2104,0.409509
94,theta,838,0.713447,1.5508,0.53022
94,theta,839,1.585068,1.51772,0.534337
94,theta,840,0.470406,0.327805,0.48951
94,theta,841,-0.566185,-0.17985,0.45048
94,theta,842,-1.240706,-0.906468,0.515987
94,theta,843,-0.073267,-0.567503,0.46014
94,theta,844,0.956854,0.760175,0.502175
94,theta,845,1.042598,1.277155,0.509477
94,theta,846,0.091581,-0.478747,0.456082
94,theta,847,-1.633216,-1.40531,0.554378
94,theta,848,-0.772766,-0.437654,0.520331
94,theta,849,1.274357,0.39997,0.465708
94,theta,850,0.949859,0.895848,0.528217
94,theta,851,-1.143209,-1.590875,0.528952
94,theta,852,-0.548544,-0.567732,0.471352
94,theta,853,0.305893,0.390488,0.434788
94,theta,854,0.350493,0.171897,0.493515
94,theta,855,0.98837,0.618591,0.463548
94,theta,856,1.401575,0.86169,0.48367
94,theta,857,0.847391,0.60749,0.451179
94,theta,858,-2.449469,-1.120985,0.545677
94,theta,859,-0.717837,-0.103378,0.447595
94,theta,860,0.948026,-0.074607,0.504446
94,theta,861,-1.701721,-1.201395,0.527467
94,theta,862,-1.163457,-1.308885,0.539562
94,theta,863,1.326249,1.399715,0.490202
94,theta,864,1.35483,1.204955,0.49017
94,theta,865,0.548874,1.11709,0.491585
94,theta,866,-0.051802,0.354972,0.45139
94,theta,867,-1.814604,-0.830061,0.53388
94,theta,868,-0.72905,-1.23872,0.526784
94,theta,869,-0.332986,0.288634,0.398715
94,theta,870,-0.107683,-0.26478,0.503245
94,theta,871,1.924204,1.58584,0.526197
94,theta,872,0.593031,0.983218,0.481462
94,theta,873,0.748416,0.416672,0.417306
94,theta,874,0.442254,0.734484,0.420818
94,theta,875,0.112381,-0.355102,0.472667
94,theta,876,0.173653,0.343325,0.457831
94,theta,877,0.340608,0.127463,0.454002
94,theta,878,-0.294755,-0.700508,0.49595
94,theta,879,1.890459,1.673965,0.55267
94,theta,880,0.234091,1.052325,0.484154
94,theta,881,0.244049,0.359176,0.445933
94,theta,882,-1.331131,-0.849768,0.529175
94,theta,883,-2.587434,-1.160005,0.640433
94,theta,884,1.315092,1.3206,0.529201
94,theta,885,1.03244,1.46805,0.520353
94,theta,886,1.586073,1.452945,0.497964
94,theta,887,2.270236,1.331385,0.502506
94,theta,888,0.297061,-0.19406,0.510867
94,theta,889,-1.538062,-0.871898,0.527966
94,theta,890,0.366617,0.574133,0.522385
94,theta,891,2.550694,2.212775,0.582212
94,theta,892,-0.612831,0.204162,0.431343
94,theta,893,-0.109906,-0.128626,0.425265
94,theta,894,-0.591142,-0.75666,0.464281
94,theta,895,0.984386,0.825603,0.465996
94,theta,896,1.151256,0.19816,0.524027
94,theta,897,-0.291595,-0.478307,0.55937
94,theta,898,-0.71229,0.397454,0.458432
94,theta,899,-0.131545,0.5188,0.440661
94,theta,900,-1.005969,-0.616256,0.473288
94,theta,901,0.706476,0.519048,0.433838
94,theta,902,0.800693,0.889004,0.493185
94,theta,903,1.384487,0.93279,0.48697
94,theta,904,-1.000657,-0.947921,0.476834
94,theta,905,-1.237604,-0.750945,0.541362
94,theta,906,-0.16913,-0.564987,0.48169
94,theta,907,0.857117,0.072237,0.482443
94,theta,908,-0.638475,-0.75177,0.488711
94,theta,909,-0.464261,0.156514,0.510489
94,theta,910,-1.058433,-0.899089,0.542522
94,theta,911,1.513381,1.3036,0.497443
94,theta,912,-0.611457,-0.6789,0.459489
94,theta,913,0.946461,0.880466,0.471425
94,theta,914,-0.70339,-0.920921,0.509452
94,theta,915,0.257104,0.460943,0.404968
94,theta,916,1.402868,1.235985,0.483616
94,theta,917,0.976826,0.859597,0.472467
94,theta,918,-0.964027,-0.917464,0.504729
94,theta,919,0.108954,0.498382,0.457829
94,theta,920,0.460684,-0.160746,0.495569
94,theta,921,-0.53289,0.026669,0.45735
94,theta,922,1.060865,1.34822,0.482563
94,theta,923,2.251946,1.42819,0.514264
94,theta,924,-0.019573,0.46643,0.445772
94,theta,925,-1.375556,-1.369855,0.504773
94,theta,926,-0.765621,-0.620059,0.52755
94,theta,927,-3.348792,-2.04895,0.73565
94,theta,928,-0.085914,-0.757668,0.460948
94,theta,929,1.240434,-0.045669,0.482777
94,theta,930,0.314675,0.71308,0.392255
94,theta,931,0.597881,-0.024968,0.508583
94,theta,932,-1.683686,-0.421386,0.498615
94,theta,933,0.379408,-1.06459,0.663404
94,theta,934,1.554092,1.38229,0.518752
94,theta,935,-0.545573,-0.359376,0.497295
94,theta,936,-0.884245,-0.53406,0.472298
94,theta,937,-0.498227,0.269676,0.458804
94,theta,938,1.932656,1.74826,0.575676
94,theta,939,0.272633,0.560028,0.444904
94,theta,940,0.93438,0.622994,0.484213
94,theta,941,-0.657414,-0.800742,0.423536
94,theta,942,-1.989387,-1.59,0.542375
94,theta,943,1.755714,1.144675,0.499997
94,theta,944,0.956863,0.705213,0.465543
94,theta,945,-1.233981,-0.755162,0.543875
94,theta,946,0.51668,0.562153,0.480612
94,theta,947,-0.075499,0.182405,0.46926
94,theta,948,-0.778884,-0.22413,0.464689
94,theta,949,-0.0793,-0.599794,0.486564
94,theta,950,-0.505025,-0.459416,0.443027
94,theta,951,-1.486698,-1.426885,0.5654
94,theta,952,0.834172,0.547009,0.462272
94,theta,953,0.561142,0.667136,0.465902
94,theta,954,1.189001,1.054755,0.457289
94,theta,955,0.831356,1.41615,0.516697
94,theta,956,0.444985,-0.078541,0.441123
94,theta,957,0.46552,0.618864,0.442392
94,theta,958,1.566795,1.62926,0.552183
94,theta,959,-1.857939,-1.48017,0.464114
94,theta,960,-0.403319,-0.17947,0.460704
94,theta,961,0.907228,0.787361,0.47234
94,theta,962,1.644689,1.307895,0.491496
94,theta,963,0.726813,0.650174,0.535645
94,theta,964,-0.452879,-0.609674,0.48612
94,theta,965,-0.765623,-0.207176,0.463861
94,theta,966,-0.39309,-0.825816,0.526255
94,theta,967,0.162617,-0.252451,0.479439
94,theta,968,0.580474,0.517,0.454493
94,theta,969,-0.035217,-0.047174,0.418597
94,theta,970,-0.293857,-0.438456,0.450331
94,theta,971,-1.239541,-0.27233,0.527431
94,theta,972,0.145231,0.56717,0.436405
94,theta,973,0.06723,-0.578979,0.538131
94,theta,974,-0.185312,0.282406,0.4107
94,theta,975,-0.026706,-0.347633,0.42757
94,theta,976,0.48499,0.212268,0.469851
94,theta,977,-0.568692,0.135798,0.441705
94,theta,978,0.422439,0.004034,0.441913
94,theta,979,-0.732578,-0.906496,0.480915
94,theta,980,-0.152783,-0.045109,0.459518
94,theta,981,-1.045337,-1.50711,0.50588
94,theta,982,-1.262238,-1.265235,0.518967
94,theta,983,0.082094,-0.06061,0.462564
94,theta,984,1.137794,0.530826,0.457626
94,theta,985,-1.172256,-0.453375,0.480559
94,theta,986,1.200015,0.922752,0.520834
94,theta,987,-0.764684,-0.004326,0.531698
94,theta,988,-1.262428,-1.246435,0.532022
94,theta,989,0.670611,0.131736,0.47097
94,theta,990,0.934804,0.103574,0.453401
94,theta,991,-0.174293,-0.672272,0.480413
94,theta,992,-0.660904,-0.48947,0.505873
94,theta,993,-0.737657,-0.686524,0.553798
94,theta,994,-0.977773,-0.694892,0.481887
94,theta,995,0.01899,0.668842,0.457716
94,theta,996,0.028323,-1.01142,0.49308
94,theta,997,0.601206,0.802804,0.493358
94,theta,998,-0.884934,-1.251395,0.621987
94,theta,999,-0.300703,-0.111497,0.50399
94,theta,1000,-0.624746,-0.609514,0.479998
94,theta,1001,-0.640763,-0.670618,0.432365
94,theta,1002,1.619095,0.924497,0.471603
94,theta,1003,-0.091342,-1.48087,0.674973
94,theta,1004,-1.789573,-1.196075,0.551029
94,theta,1005,-0.730789,-0.802958,0.560567
94,theta,1006,-0.603976,0.452608,0.461152
94,theta,1007,-0.163788,-0.260016,0.513151
94,theta,1008,-0.11287,0.812615,0.475534
94,theta,1009,-0.637038,-0.109412,0.469887
94,theta,1010,1.099894,0.399442,0.443642
94,theta,1011,-1.692954,-1.278685,0.616726
94,theta,1012,0.655923,0.628076,0.437457
94,theta,1013,-0.394873,0.179806,0.451716
94,theta,1014,-0.629729,-0.282498,0.4682
94,theta,1015,0.306989,0.40179,0.418068
94,theta,1016,0.129777,0.150674,0.426472
94,theta,1017,-0.38607,-0.555076,0.439439
94,theta,1018,-1.010662,-0.063438,0.487672
94,theta,1019,0.297936,0.40869,0.430936
94,theta,1020,-0.520661,-1.17502,0.482124
94,theta,1021,0.830222,0.917773,0.493893
94,theta,1022,-2.045062,-0.831114,0.529532
94,theta,1023,-1.97259,-0.85538,0.507263
94,theta,1024,0.442719,0.052865,0.366096
94,theta,1025,-0.706694,-0.819895,0.536161
94,theta,1026,0.266318,0.352762,0.481593
94,theta,1027,-0.410581,-0.397811,0.452477
94,theta,1028,0.308046,-0.104238,0.451143
94,theta,1029,0.163122,-0.149474,0.439507
94,theta,1030,0.205882,0.263586,0.490002
94,theta,1031,1.312615,1.665545,0.512387
94,theta,1032,-0.478164,-0.148872,0.442527
94,theta,1033,-0.295004,0.189014,0.480741
94,theta,1034,-0.483513,-0.68512,0.509742
94,theta,1035,1.799637,1.25066,0.503309
94,theta,1036,-0.604383,-0.88229,0.467398
94,theta,1037,1.926594,1.52694,0.526763
94,theta,1038,-1.174049,-0.719516,0.542919
94,theta,1039,0.131233,0.087211,0.433867
94,theta,1040,-0.805688,-0.425373,0.488225
94,theta,1041,-2.127845,-1.481795,0.552287
94,theta,1042,-0.868044,-0.930202,0.567371
94,theta,1043,1.749899,1.051735,0.454537
94,theta,1044,-0.551781,-0.26343,0.464131
94,theta,1045,0.516523,-0.110879,0.485888
94,theta,1046,1.482024,1.062035,0.482838
94,theta,1047,-0.25503,-0.276795,0.551958
94,theta,1048,0.031085,-0.135506,0.412463
94,theta,1049,1.583903,1.462515,0.526278
94,theta,1050,-0.367001,0.582682,0.473244
94,theta,1051,1.167465,0.798051,0.432507
94,theta,1052,1.426869,0.93835,0.500586
94,theta,1053,1.018788,0.625901,0.460447
94,theta,1054,0.20565,0.268364,0.456215
94,theta,1055,0.753959,-0.074258,0.445433
94,theta,1056,2.061357,1.598785,0.507008
94,theta,1057,0.374419,0.481042,0.468336
94,theta,1058,-1.284201,-0.357545,0.543125
94,theta,1059,1.338368,0.891822,0.480889
94,theta,1060,0.18455,0.077714,0.464299
94,theta,1061,-0.127818,-0.676551,0.445547
94,theta,1062,-0.32294,-0.293312,0.514604
94,theta,1063,-0.973391,-0.789337,0.503791
94,theta,1064,0.093777,0.420877,0.461008
94,theta,1065,-0.575493,-0.934862,0.568072
94,theta,1066,-1.62809,-1.40497,0.565071
94,theta,1067,-0.530975,-0.392078,0.409091
94,theta,1068,0.129688,0.083805,0.410988
94,theta,1069,-0.741061,-1.09031,0.516859
94,theta,1070,0.087137,1.163785,0.529255
94,theta,1071,1.161645,0.799902,0.438882
94,theta,1072,-0.40149,-0.482244,0.528907
94,theta,1073,0.716976,0.331735,0.514526
94,theta,1074,1.108667,1.29803,0.475106
94,theta,1075,1.522802,1.29501,0.486795
94,theta,1076,0.296367,0.310073,0.503198
94,theta,1077,-1.306257,-1.323605,0.680883
94,theta,1078,-0.744764,-0.549722,0.480981
94,theta,1079,-1.370292,-0.864198,0.478551
94,theta,1080,1.419581,1.450765,0.512731
94,theta,1081,-0.362188,-0.2173,0.52134
94,theta,1082,-0.856105,-0.226934,0.516565
94,theta,1083,-1.598259,-1.12772,0.545265
94,theta,1084,-0.414665,0.13603,0.513448
94,theta,1085,-0.875051,-0.985449,0.515483
94,theta,1086,0.34374,0.30359,0.470017
94,theta,1087,-1.561411,-1.84691,0.670912
94,theta,1088,-1.05909,-1.29036,0.524168
94,theta,1089,-1.480685,-1.06112,0.470969
94,theta,1090,0.629223,0.40634,0.491863
94,theta,1091,0.221784,-0.16007,0.533033
94,theta,1092,-0.706112,0.464523,0.464778
94,theta,1093,1.360486,1.16114,0.46867
94,theta,1094,0.44352,0.089314,0.479959
94,theta,1095,-0.176681,-0.608956,0.513519
94,theta,1096,0.98752,1.27871,0.494325
94,theta,1097,-0.452569,-0.886698,0.655576
94,theta,1098,-1.555093,-1.37579,0.583877
94,theta,1099,-0.925002,-0.659137,0.465372
94,theta,1100,-0.937913,-0.727474,0.530385
94,theta,1101,0.400078,0.821634,0.469274
94,theta,1102,-0.478698,0.214524,0.424754
94,theta,1103,0.955192,0.98468,0.458277
94,theta,1104,-0.75133,-1.09677,0.514518
94,theta,1105,-0.912642,-0.871766,0.488465
94,theta,1106,-0.93031,-1.425165,0.520687
94,theta,1107,0.305607,0.209106,0.432033
94,theta,1108,0.900432,0.56221,0.439958
94,theta,1109,-0.896752,-0.862932,0.495931
94,theta,1110,0.203592,0.371386,0.499086
94,theta,1111,0.575687,0.694752,0.474746
94,theta,1112,-0.8281,-0.671409,0.467042
94,theta,1113,1.10358,0.578431,0.494571
94,theta,1114,-0.320628,-0.974856,0.489729
94,theta,1115,0.103833,0.537366,0.49676
94,theta,1116,1.352869,0.662402,0.460562
94,theta,1117,-0.931601,-1.23466,0.579719
94,theta,1118,0.428448,0.602775,0.414806
94,theta,1119,-0.053487,0.46264,0.425392
94,theta,1120,0.369185,-0.404319,0.453672
94,theta,1121,-1.496989,-0.989832,0.538248
94,theta,1122,1.810007,1.422265,0.497825
94,theta,1123,-0.917338,-0.997666,0.528466
94,theta,1124,0.609079,-0.050951,0.512022
94,theta,1125,0.703377,0.499212,0.435972
94,theta,1126,-0.150725,0.13902,0.445868
94,theta,1127,-0.290432,-0.294243,0.489389
94,theta,1128,-0.42691,-0.449494,0.461837
94,theta,1129,-0.73899,-0.550752,0.40649
94,theta,1130,-0.217437,0.05425,0.442406
94,theta,1131,-0.0237,-0.273514,0.534487
94,theta,1132,1.372221,0.401468,0.454254
94,theta,1133,-0.270121,-0.168918,0.440553
94,theta,1134,1.381228,1.453535,0.517623
94,theta,1135,0.794651,1.327965,0.493739
94,theta,1136,1.678431,1.06022,0.44971
94,theta,1137,1.767328,0.90646,0.522855
94,theta,1138,0.051247,0.532013,0.442899
94,theta,1139,0.008561,-0.705412,0.454938
94,theta,1140,0.051096,0.467175,0.463526
94,theta,1141,-0.888045,-0.571992,0.478347
94,theta,1142,-0.618548,-0.412826,0.41351
94,theta,1143,0.301516,-0.372996,0.473915
94,theta,1144,1.15038,0.381148,0.460973
94,theta,1145,-0.292775,-0.220948,0.45135
94,theta,1146,1.023346,0.654575,0.470498
94,theta,1147,-0.40228,0.168288,0.498097
94,theta,1148,0.930245,0.892842,0.495012
94,theta,1149,0.383486,0.306918,0.451861
94,theta,1150,-2.254045,-1.622225,0.618692
94,theta,1151,-0.056776,-0.415362,0.422874
94,theta,1152,0.567924,1.28628,0.490131
94,theta,1153,1.019539,0.501284,0.482381
94,theta,1154,0.761087,0.738698,0.444764
94,theta,1155,1.681158,1.654845,0.518355
94,theta,1156,-0.039282,0.222856,0.402676
94,theta,1157,-0.134055,0.316762,0.400081
94,theta,1158,0.066206,-0.018877,0.480766
94,theta,1159,-2.066773,-1.51991,0.652887
94,theta,1160,-1.411517,-0.605914,0.489896
94,theta,1161,-0.129206,0.292546,0.425506
94,theta,1162,-1.335961,-1.141795,0.518375
94,theta,1163,0.658971,0.814782,0.455185
94,theta,1164,-0.059025,0.039302,0.4451
94,theta,1165,-1.275108,0.049177,0.550101
94,theta,1166,0.254859,0.020092,0.408015
94,theta,1167,0.08759,-0.046404,0.486058
94,theta,1168,0.465158,-0.532071,0.55842
94,theta,1169,1.01364,0.847905,0.482476
94,theta,1170,0.392787,0.045682,0.4644
94,theta,1171,0.627298,0.404158,0.420426
94,theta,1172,-0.925841,-0.568667,0.480695
94,theta,1173,0.236871,0.796092,0.476106
94,theta,1174,-1.012786,-0.894195,0.551145
94,theta,1175,0.400547,0.015077,0.395357
94,theta,1176,0.694533,0.541409,0.432068
94,theta,1177,0.537766,1.63842,0.551334
94,theta,1178,-0.246204,0.039126,0.442105
94,theta,1179,0.788012,0.547212,0.448676
94,theta,1180,0.233859,-0.175904,0.488925
94,theta,1181,1.291908,1.191595,0.505238
94,theta,1182,-0.574704,-0.673633,0.561496
94,theta,1183,0.855247,0.111914,0.518776
94,theta,1184,0.672053,0.686866,0.447985
94,theta,1185,0.503643,0.318506,0.42843
94,theta,1186,-0.168199,-0.824869,0.466069
94,theta,1187,2.540958,1.09681,0.473958
94,theta,1188,0.389498,0.509319,0.43137
94,theta,1189,1.771251,1.06455,0.507617
94,theta,1190,-0.986526,-0.367416,0.57399
94,theta,1191,-0.855985,-1.078255,0.572736
94,theta,1192,2.029392,1.43837,0.49672
94,theta,1193,0.276467,0.756147,0.475938
94,theta,1194,0.071986,-0.167008,0.438592
94,theta,1195,-0.059142,-0.126601,0.417774
94,theta,1196,0.322163,0.543176,0.391294
94,theta,1197,-0.742896,-0.908572,0.57854
94,theta,1198,0.247077,0.900737,0.46227
94,theta,1199,1.00464,1.28441,0.485747
94,theta,1200,0.289463,0.464908,0.433765
94,theta,1201,-0.054275,0.845493,0.443987
94,theta,1202,-0.686871,0.048803,0.478144
94,theta,1203,1.699776,2.405455,0.582394
94,theta,1204,1.206635,0.875558,0.533368
94,theta,1205,-0.306599,0.598962,0.468763
94,theta,1206,1.041202,0.624767,0.470588
94,theta,1207,-1.804411,-1.69981,0.560246
94,theta,1208,0.127023,0.101788,0.456998
94,theta,1209,-1.501714,-1.32818,0.516153
94,theta,1210,2.214672,1.639445,0.532341
94,theta,1211,0.951669,0.304202,0.47533
94,theta,1212,0.799121,0.679101,0.436184
94,theta,1213,-0.336149,-1.358605,0.64507
94,theta,1214,-1.831399,-1.11954,0.524052
94,theta,1215,0.127217,0.496607,0.464549
94,theta,1216,-1.036108,-1.1855,0.581326
94,theta,1217,0.285408,-0.352289,0.54233
94,theta,1218,-0.046952,-0.441284,0.499836
94,theta,1219,-1.049503,-1.02504,0.536733
94,theta,1220,1.026314,0.916026,0.446457
94,theta,1221,-2.282429,-1.289485,0.54816
94,theta,1222,-3.110374,-1.155795,0.569953
94,theta,1223,0.149922,-0.201275,0.445595
94,theta,1224,0.833244,1.007815,0.470662
94,theta,1225,1.895554,1.511655,0.519593
94,theta,1226,-0.925926,-1.075,0.569555
94,theta,1227,-1.799653,-1.052655,0.497794
94,theta,1228,-0.828047,-0.82166,0.504459
94,theta,1229,-1.360832,-0.650599,0.533082
94,theta,1230,-0.592179,-0.264064,0.376431
94,theta,1231,-0.407131,0.860396,0.50396
94,theta,1232,-1.970881,-1.38772,0.588834
94,theta,1233,2.097544,1.335895,0.513947
94,theta,1234,-0.3155,-0.475831,0.525881
94,theta,1235,0.813561,1.540395,0.511997
94,theta,1236,-0.954567,-0.23636,0.494224
94,theta,1237,-0.841585,-0.880193,0.520843
94,theta,1238,0.283947,0.200242,0.438445
94,theta,1239,-0.921344,-0.803436,0.488605
94,theta,1240,-0.611527,-1.340955,0.610739
94,theta,1241,-0.79906,-1.19579,0.519753
94,theta,1242,-1.462251,-0.634674,0.467172
94,theta,1243,-0.274325,0.01912,0.417675
94,theta,1244,1.303367,0.481765,0.451895
94,theta,1245,-1.497796,-0.876878,0.556892
94,theta,1246,1.210664,0.956355,0.488614
94,theta,1247,1.784134,1.01805,0.496121
94,theta,1248,0.291869,0.327743,0.451434
94,theta,1249,0.337547,0.251196,0.450334
94,theta,1250,1.72847,0.852824,0.487351
94,theta,1251,-0.129135,-0.048236,0.466782
94,theta,1252,0.778242,1.03167,0.441355
94,theta,1253,0.146216,0.139464,0.516034
94,theta,1254,-0.04871,-0.248942,0.464193
94,theta,1255,0.790634,0.444914,0.448813
94,theta,1256,-0.354915,0.264422,0.41371
94,theta,1257,-1.560819,-1.134395,0.597406
94,theta,1258,-0.259576,0.036654,0.45139
94,theta,1259,1.273438,1.23253,0.480868
94,theta,1260,0.772929,0.726701,0.471465
94,theta,1261,-0.487656,-0.335136,0.437465
94,theta,1262,0.627037,0.685196,0.507839
94,theta,1263,0.064094,0.611208,0.457908
94,theta,1264,-0.308862,-0.743194,0.519282
94,theta,1265,-1.044119,-0.868864,0.499899
94,theta,1266,0.726019,0.631197,0.415454
94,theta,1267,1.130081,1.60616,0.540467
94,theta,1268,-0.453033,-0.458222,0.493977
94,theta,1269,-0.478259,-0.562428,0.426053
94,theta,1270,-0.129219,-0.21608,0.410706
94,theta,1271,-1.189529,-1.323375,0.575902
94,theta,1272,-1.80913,-1.77247,0.638939
94,theta,1273,-0.770086,-0.245886,0.462772
94,theta,1274,-0.696721,-0.767937,0.547316
94,theta,1275,1.028589,0.444258,0.444526
94,theta,1276,-0.857775,-0.323326,0.46648
94,theta,1277,-1.952731,-1.019965,0.560448
94,theta,1278,-1.502117,-1.423965,0.511528
94,theta,1279,-0.815423,-0.38069,0.421806
94,theta,1280,-0.459031,-0.586874,0.579688
94,theta,1281,-0.888501,0.365775,0.507219
94,theta,1282,0.274755,-0.286825,0.446823
94,theta,1283,1.220431,0.418368,0.443863
94,theta,1284,0.050315,-0.332,0.477838
94,theta,1285,0.200979,0.412854,0.465422
94,theta,1286,0.685369,0.267411,0.476626
94,theta,1287,-0.923021,0.005658,0.442638
94,theta,1288,0.698007,0.314344,0.48732
94,theta,1289,1.055616,0.76819,0.437191
94,theta,1290,-0.563204,-0.907179,0.597432
94,theta,1291,-0.072493,0.544399,0.505256
94,theta,1292,0.637975,1.11016,0.468047
94,theta,1293,-0.230603,-0.003961,0.453852
94,theta,1294,-2.584166,-2.217665,0.597996
94,theta,1295,0.174329,0.711408,0.46762
94,theta,1296,0.379744,0.3423,0.469557
94,theta,1297,2.912632,1.81377,0.551893
94,theta,1298,-0.642356,-1.45159,0.560703
94,theta,1299,0.358859,0.553274,0.433974
94,theta,1300,0.362204,0.550256,0.50716
94,theta,1301,-0.540307,-0.451475,0.495989
94,theta,1302,-1.115762,-0.302527,0.606439
94,theta,1303,0.031543,-0.280531,0.422827
94,theta,1304,0.562094,-0.492929,0.605293
94,theta,1305,-0.38994,-0.198374,0.460943
94,theta,1306,-0.951648,-0.303076,0.45689
94,theta,1307,0.230482,0.002195,0.483422
94,theta,1308,0.711708,0.192497,0.482298
94,theta,1309,1.159113,1.072125,0.478083
94,theta,1310,0.860132,0.012529,0.533597
94,theta,1311,-1.297819,-0.997706,0.526041
94,theta,1312,0.989545,1.195925,0.520505
94,theta,1313,-0.664186,-0.379152,0.51897
94,theta,1314,0.803652,0.640894,0.444131
94,theta,1315,-0.126942,-0.43289,0.597469
94,theta,1316,-0.439931,-0.477596,0.492157
94,theta,1317,1.562444,1.30682,0.463068
94,theta,1318,0.654318,0.520535,0.441625
94,theta,1319,-0.779245,-1.19588,0.526245
94,theta,1320,0.394271,0.205734,0.409506
94,theta,1321,-2.493248,-1.689145,0.549331
94,theta,1322,0.222688,0.094442,0.477986
94,theta,1323,0.098683,0.637014,0.48342
94,theta,1324,0.034732,0.000616,0.512212
94,theta,1325,-0.807069,-0.881689,0.509835
94,theta,1326,-0.471587,0.41007,0.423724
94,theta,1327,2.142371,1.1168,0.456489
94,theta,1328,-1.293536,-1.11492,0.444964
94,theta,1329,1.54199,1.64948,0.540284
94,theta,1330,1.669272,1.43318,0.50014
94,theta,1331,0.075322,0.459854,0.471866
94,theta,1332,-0.210823,0.314116,0.441412
94,theta,1333,0.626482,0.64631,0.453538
94,theta,1334,-2.886806,-2.01455,0.584655
94,theta,1335,0.426146,0.683621,0.476876
94,theta,1336,-0.374987,-0.350822,0.545189
94,theta,1337,-1.244188,-0.478165,0.401802
94,theta,1338,-2.19402,-1.622255,0.53698
94,theta,1339,-0.311045,-0.423967,0.507936
94,theta,1340,0.667501,0.21874,0.506971
94,theta,1341,-1.243626,-0.238774,0.48776
94,theta,1342,-0.742399,-0.727448,0.513429
94,theta,1343,-0.193359,-0.953282,0.473679
94,theta,1344,1.862244,1.67414,0.526042
94,theta,1345,0.596367,0.654708,0.430882
94,theta,1346,0.376622,0.596722,0.421
94,theta,1347,-1.440562,-1.583595,0.547977
94,theta,1348,1.220078,0.972582,0.53586
94,theta,1349,-1.047657,-0.634221,0.460035
94,theta,1350,-0.12405,-0.473499,0.509987
94,theta,1351,-0.361868,0.499518,0.495269
94,theta,1352,2.416086,1.840775,0.551758
94,theta,1353,-0.088488,0.080398,0.492528
94,theta,1354,-2.077345,-1.780775,0.554945
94,theta,1355,-1.198423,-0.466402,0.407017
94,theta,1356,1.086445,0.498826,0.498116
94,theta,1357,0.399588,0.392832,0.422629
94,theta,1358,-0.8371,-0.736102,0.489192
94,theta,1359,-0.994719,-0.26644,0.480268
94,theta,1360,-1.986156,-1.44448,0.537156
94,theta,1361,-0.336804,-0.307775,0.57974
94,theta,1362,0.346234,0.738096,0.435002
94,theta,1363,-0.355849,-0.912573,0.565818
94,theta,1364,-0.124596,-0.543188,0.489995
94,theta,1365,0.29633,-0.569436,0.505675
94,theta,1366,-1.814776,-0.773632,0.517872
94,theta,1367,-0.419342,-0.311724,0.50444
94,theta,1368,-1.105288,-0.565088,0.482894
94,theta,1369,0.467302,0.525137,0.450306
94,theta,1370,0.888561,1.219275,0.534902
94,theta,1371,-1.057747,-1.65692,0.499119
94,theta,1372,-3.284089,-2.64633,0.668726
94,theta,1373,0.244453,0.567276,0.479678
94,theta,1374,-1.66198,-1.452185,0.534508
94,theta,1375,-0.008675,-0.039644,0.416401
94,theta,1376,-1.001319,-0.469229,0.474216
94,theta,1377,0.992819,1.528985,0.525002
94,theta,1378,-1.210723,-0.703378,0.476757
94,theta,1379,0.969631,0.909151,0.446595
94,theta,1380,-0.321774,-0.165907,0.48888
94,theta,1381,-0.711997,-1.343215,0.533045
94,theta,1382,0.474654,0.020089,0.493874
94,theta,1383,-1.141774,-0.970636,0.498839
94,theta,1384,-0.447978,-0.74823,0.483655
94,theta,1385,0.112533,0.242988,0.472906
94,theta,1386,-1.194037,0.13409,0.489454
94,theta,1387,0.044177,0.047787,0.457359
94,theta,1388,-1.685816,-1.76443,0.60294
94,theta,1389,0.652273,0.577426,0.439841
94,theta,1390,-0.43611,0.168884,0.40436
94,theta,1391,-1.482896,-1.19842,0.542274
94,theta,1392,0.37709,0.218601,0.527462
94,theta,1393,0.273394,1.04265,0.475866
94,theta,1394,0.727493,0.274965,0.422068
94,theta,1395,0.407673,-0.327184,0.545083
94,theta,1396,-1.130246,-0.53161,0.441156
94,theta,1397,-0.164087,-0.287659,0.471174
94,theta,1398,-0.43821,-0.120366,0.45661
94,theta,1399,0.31859,-0.140906,0.413598
94,theta,1400,2.09902,1.988205,0.584222
94,theta,1401,-1.399669,-0.990387,0.45243
94,theta,1402,-0.647051,-0.684346,0.48264
94,theta,1403,-0.756769,-0.759165,0.504381
94,theta,1404,-0.542276,-0.239376,0.426107
94,theta,1405,1.992618,1.24355,0.498397
94,theta,1406,-1.182338,-0.749904,0.446392
94,theta,1407,-2.161812,-1.548085,0.53827
94,theta,1408,0.495873,0.19515,0.496236
94,theta,1409,-0.051667,-0.626057,0.514009
94,theta,1410,0.169605,0.737454,0.425404
94,theta,1411,1.68214,1.597525,0.542049
94,theta,1412,0.582152,0.276205,0.508872
94,theta,1413,-2.123338,-2.286235,0.628737
94,theta,1414,0.20548,0.08345,0.445718
94,theta,1415,-0.54137,-0.457186,0.457591
94,theta,1416,0.284426,0.025535,0.445369
94,theta,1417,-0.035429,-0.430492,0.458488
94,theta,1418,1.304219,1.22512,0.490228
94,theta,1419,-0.713867,-0.612521,0.444821
94,theta,1420,-0.142737,0.252495,0.393907
94,theta,1421,0.872999,0.54233,0.418287
94,theta,1422,-0.810809,-1.51434,0.52472
94,theta,1423,0.123267,0.236784,0.511118
94,theta,1424,2.241788,1.70712,0.547174
94,theta,1425,-1.082362,-1.187185,0.49181
94,theta,1426,-0.502199,0.115962,0.458965
94,theta,1427,-1.676634,-1.29609,0.499156
94,theta,1428,-0.630405,-0.6776,0.554042
94,theta,1429,0.933176,-0.562082,0.647542
94,theta,1430,1.134503,1.446785,0.545104
94,theta,1431,0.818978,1.20281,0.481853
94,theta,1432,-0.270011,0.005423,0.496936
94,theta,1433,-0.609437,-1.538635,0.585218
94,theta,1434,-1.118605,-0.166904,0.478836
94,theta,1435,1.053292,1.464155,0.515187
94,theta,1436,-0.882072,-1.39338,0.582005
94,theta,1437,-0.574167,-0.011741,0.50238
94,theta,1438,0.422021,0.321864,0.451222
94,theta,1439,1.592397,1.43842,0.552207
94,theta,1440,-0.051079,0.64487,0.470204
94,theta,1441,1.157203,1.36803,0.497113
94,theta,1442,-1.328165,-0.798659,0.4567
94,theta,1443,-0.367369,-0.647731,0.459764
94,theta,1444,-0.449459,-0.160125,0.411758
94,theta,1445,-0.703727,-0.123723,0.484173
94,theta,1446,0.008759,0.028117,0.467
94,theta,1447,0.159167,0.258651,0.376363
94,theta,1448,0.443064,0.136428,0.509483
94,theta,1449,-1.007548,-0.302248,0.470539
94,theta,1450,-0.038772,0.0033,0.406327
94,theta,1451,0.189729,-0.168484,0.409288
94,theta,1452,-0.036362,-0.087133,0.425291
94,theta,1453,-0.112368,-0.27163,0.454364
94,theta,1454,0.830032,0.340882,0.44703
94,theta,1455,1.523975,1.098745,0.492304
94,theta,1456,1.069987,0.545229,0.47336
94,theta,1457,0.449884,0.899514,0.449746
94,theta,1458,-0.433334,0.717878,0.483247
94,theta,1459,-1.789276,-1.193725,0.53994
94,theta,1460,1.221498,1.10708,0.458747
94,theta,1461,-0.604319,-1.01922,0.507347
94,theta,1462,-0.288393,-0.310609,0.425873
94,theta,1463,-0.312608,-0.356898,0.48426
94,theta,1464,0.196891,-0.620459,0.48351
94,theta,1465,0.145657,-0.399298,0.458909
94,theta,1466,-0.109098,-0.627944,0.532918
94,theta,1467,2.151096,1.606425,0.540418
94,theta,1468,1.800665,1.2963,0.508318
94,theta,1469,-1.680624,-1.362155,0.553591
94,theta,1470,-0.443281,-0.090846,0.457555
94,theta,1471,-0.002622,0.242477,0.472004
94,theta,1472,-0.10121,0.7767,0.466905
94,theta,1473,0.463882,0.55075,0.429791
94,theta,1474,-0.883126,-0.991844,0.541144
94,theta,1475,-0.034762,-0.258622,0.449731
94,theta,1476,-0.571304,0.033397,0.368945
94,theta,1477,-0.076724,0.046952,0.408496
94,theta,1478,-1.418551,-0.938098,0.537012
94,theta,1479,-0.915888,-1.04296,0.516637
94,theta,1480,-0.141348,-0.918548,0.458104
94,theta,1481,1.065338,0.520997,0.488086
94,theta,1482,-0.011725,-0.351868,0.431422
94,theta,1483,-1.206012,-1.27429,0.493621
94,theta,1484,-0.250438,0.310761,0.393518
94,theta,1485,-1.318483,-1.12939,0.53199
94,theta,1486,1.452034,1.536335,0.521894
94,theta,1487,-0.458865,-0.230042,0.464415
94,theta,1488,0.192055,0.237623,0.413873
94,theta,1489,-0.420459,0.007415,0.444176
94,theta,1490,0.233049,0.868712,0.441082
94,theta,1491,0.220657,0.46846,0.420622
94,theta,1492,0.160913,-0.347544,0.432093
94,theta,1493,0.631895,0.192712,0.438746
94,theta,1494,2.553615,1.859315,0.547569
94,theta,1495,-0.746519,-0.491484,0.479958
94,theta,1496,0.891042,0.471692,0.48307
94,theta,1497,-0.276214,-0.305908,0.42186
94,theta,1498,-0.04608,0.131873,0.45979
94,theta,1499,1.227663,0.939636,0.491939
94,theta,1500,-0.178984,0.565681,0.44898
94,beta,1,-3.254775,-2.49179,0.417163
94,beta,2,-2.670668,-2.31443,0.305881
94,beta,3,-2.103096,-1.809015,0.274994
94,beta,4,-1.760366,-0.900423,0.266171
94,beta,5,-1.754659,-1.75898,0.335516
94,beta,6,-1.65718,-1.43438,0.27105
94,beta,7,-1.542389,-1.398685,0.298723
94,beta,8,-1.512061,-1.52717,0.227801
94,beta,9,-1.494272,-1.13204,0.227242
94,beta,10,-1.479034,-1.56116,0.282472
94,beta,11,-1.447038,-1.32688,0.221638
94,beta,12,-1.348846,-1.61802,0.25846
94,beta,13,-1.333537,-1.297695,0.208949
94,beta,14,-1.179162,-0.973208,0.242861
94,beta,15,-1.141573,-1.082835,0.2323
94,beta,16,-1.138412,-0.856405,0.235133
94,beta,17,-1.134081,-1.11922,0.216772
94,beta,18,-1.117047,-1.07529,0.215617
94,beta,19,-1.078092,-0.863152,0.244589
94,beta,20,-1.051296,-0.862127,0.214284
94,beta,21,-0.949302,-0.601182,0.227532
94,beta,22,-0.912712,-1.035675,0.211384
94,beta,23,-0.880566,-0.53985,0.282055
94,beta,24,-0.851778,-0.881881,0.236295
94,beta,25,-0.851693,-0.978453,0.210255
94,beta,26,-0.835598,-0.455288,0.211768
94,beta,27,-0.830446,-0.653451,0.224447
94,beta,28,-0.819609,-0.349623,0.239904
94,beta,29,-0.805193,-0.938032,0.267115
94,beta,30,-0.804437,-0.987222,0.218316
94,beta,31,-0.748981,-1.08956,0.239621
94,beta,32,-0.703214,-0.673086,0.207404
94,beta,33,-0.699901,-0.630133,0.241285
94,beta,34,-0.682519,-0.737376,0.267267
94,beta,35,-0.613803,-0.71913,0.29505
94,beta,36,-0.539916,-0.60178,0.311867
94,beta,37,-0.505734,-0.842996,0.226563
94,beta,38,-0.501738,-0.392526,0.232295
94,beta,39,-0.500094,-0.547654,0.242451
94,beta,40,-0.491411,-0.228238,0.207701
94,beta,41,-0.482133,-0.625486,0.18917
94,beta,42,-0.458774,-0.749024,0.220436
94,beta,43,-0.440574,-0.510404,0.231758
94,beta,44,-0.406331,-0.742478,0.198059
94,beta,45,-0.298529,0.019853,0.281985
94,beta,46,-0.259354,-0.22265,0.218645
94,beta,47,-0.259266,-0.434616,0.274298
94,beta,48,-0.254306,-0.096399,0.222621
94,beta,49,-0.237417,-0.07212,0.223672
94,beta,50,-0.236381,-0.11076,0.225145
94,beta,51,-0.228912,-0.229527,0.194942
94,beta,52,-0.172048,0.401986,0.287338
94,beta,53,-0.164066,-0.244582,0.21963
94,beta,54,-0.091766,-0.28283,0.222259
94,beta,55,-0.089182,-0.157137,0.254499
94,beta,56,-0.045524,0.19974,0.247478
94,beta,57,-0.034944,-0.28802,0.249338
94,beta,58,-0.01171,-0.328244,0.233389
94,beta,59,0.001802,0.273015,0.234248
94,beta,60,0.014069,0.099683,0.232013
94,beta,61,0.062006,0.105772,0.235784
94,beta,62,0.088837,0.522857,0.240174
94,beta,63,0.096574,0.355821,0.2485
94,beta,64,0.110903,0.441262,0.263049
94,beta,65,0.12677,0.500346,0.230987
94,beta,66,0.136808,-0.380947,0.246826
94,beta,67,0.1467,0.367006,0.232794
94,beta,68,0.147029,0.320428,0.20713
94,beta,69,0.150405,0.363978,0.210685
94,beta,70,0.192897,0.408324,0.325023
94,beta,71,0.193294,0.141852,0.230801
94,beta,72,0.216727,0.43457,0.249555
94,beta,73,0.245073,0.322607,0.246473
94,beta,74,0.25179,0.44859,0.233492
94,beta,75,0.269765,0.615467,0.284152
94,beta,76,0.289926,-0.061191,0.208702
94,beta,77,0.295096,0.19328,0.22675
94,beta,78,0.308311,0.314206,0.237918
94,beta,79,0.327453,0.446186,0.240961
94,beta,80,0.372038,0.799432,0.293239
94,beta,81,0.379011,0.874866,0.271233
94,beta,82,0.398129,-0.031242,0.230005
94,beta,83,0.399807,0.661802,0.237218
94,beta,84,0.422004,0.507024,0.268953
94,beta,85,0.474032,0.306035,0.253333
94,beta,86,0.476773,0.438264,0.257456
94,beta,87,0.505878,0.944032,0.288941
94,beta,88,0.544298,0.66527,0.268302
94,beta,89,0.637434,0.777737,0.401409
94,beta,90,0.644458,0.789588,0.321713
94,beta,91,0.752395,1.05335,0.33702
94,beta,92,0.796836,0.861708,0.31779
94,beta,93,0.808296,0.710774,0.320811
94,beta,94,0.826425,1.21238,0.280859
94,beta,95,0.857898,1.07752,0.294571
94,beta,96,0.864711,0.799573,0.236221
94,beta,97,0.885907,1.08805,0.268146
94,beta,98,0.960299,0.637104,0.252164
94,beta,99,1.012107,0.42849,0.231399
94,beta,100,1.01354,1.23303,0.306479
94,beta,101,1.035513,1.10349,0.310511
94,beta,102,1.05137,0.676958,0.296011
94,beta,103,1.058127,1.63765,0.371181
94,beta,104,1.072184,0.973767,0.283174
94,beta,105,1.086552,1.65301,0.375837
94,beta,106,1.152635,0.945678,0.279614
94,beta,107,1.167347,1.087865,0.278659
94,beta,108,1.186709,1.53746,0.323223
94,beta,109,1.205249,1.26475,0.287095
94,beta,110,1.263752,1.45851,0.323397
94,beta,111,1.280789,1.72423,0.34035
94,beta,112,1.301118,1.653335,0.344854
94,beta,113,1.480205,0.767496,0.354087
94,beta,114,1.489504,1.538215,0.331207
94,beta,115,1.523709,2.31414,0.49744
94,beta,116,1.535214,1.59357,0.438382
94,beta,117,1.546927,1.418835,0.334703
94,beta,118,1.581987,0.99841,0.396538
94,beta,119,1.644379,1.064255,0.304498
94,beta,120,1.647915,0.521826,0.293788
94,beta,121,1.651738,1.569045,0.365743
94,beta,122,1.681022,1.26264,0.354022
94,beta,123,1.753518,1.730385,0.390105
94,beta,124,1.781384,1.841695,0.365587
94,beta,125,1.832983,1.46581,0.297613
94,beta,126,1.849148,1.8399,0.439706
94,beta,127,1.998854,2.03902,0.377368
94,beta,128,2.05028,1.90607,0.375673
94,alpha,1,2.53772,1.819425,0.480375
94,alpha,2,1.112241,0.968234,0.2907
94,alpha,3,0.999812,1.08781,0.310403
94,alpha,4,3.222244,2.025725,0.57886
94,alpha,5,1.808412,1.891895,0.481563
94,alpha,6,1.910069,1.493555,0.387644
94,alpha,7,2.277794,1.76409,0.478989
94,alpha,8,0.447354,0.612042,0.189608
94,alpha,9,0.813773,1.40854,0.339686
94,alpha,10,1.288275,1.257405,0.354575
94,alpha,11,0.588034,0.646145,0.194948
94,alpha,12,0.989538,1.084025,0.294216
94,alpha,13,0.636434,0.673076,0.176085
94,alpha,14,1.093856,1.307485,0.340699
94,alpha,15,1.52393,1.01001,0.255366
94,alpha,16,1.586948,1.365945,0.308871
94,alpha,17,0.986898,0.806684,0.216256
94,alpha,18,0.700841,0.804791,0.223127
94,alpha,19,1.829917,1.399385,0.394319
94,alpha,20,0.357269,0.721192,0.193235
94,alpha,21,1.861627,1.545185,0.404477
94,alpha,22,0.627892,0.848394,0.22776
94,alpha,23,2.217403,2.16789,0.569878
94,alpha,24,1.878208,1.260125,0.343622
94,alpha,25,0.76473,0.86726,0.243372
94,alpha,26,1.140563,1.18021,0.286131
94,alpha,27,1.25195,1.060035,0.266048
94,alpha,28,1.200904,1.34257,0.37444
94,alpha,29,1.318955,1.833355,0.455942
94,alpha,30,0.868216,1.02109,0.25711
94,alpha,31,1.207326,1.186545,0.346927
94,alpha,32,0.556654,0.959577,0.250423
94,alpha,33,2.111255,1.65838,0.440532
94,alpha,34,2.872521,1.91014,0.512129
94,alpha,35,2.090063,2.406195,0.667141
94,alpha,36,4.057069,2.872395,0.82209
94,alpha,37,0.912552,1.27237,0.345226
94,alpha,38,1.007095,1.44839,0.419358
94,alpha,39,1.355515,1.78283,0.46845
94,alpha,40,0.912303,0.943174,0.242999
94,alpha,41,0.827291,0.88585,0.2257
94,alpha,42,0.72839,0.984442,0.241709
94,alpha,43,1.212825,1.343675,0.344557
94,alpha,44,0.662878,0.821856,0.226496
94,alpha,45,1.82051,1.850545,0.574727
94,alpha,46,1.061895,1.220685,0.300188
94,alpha,47,1.488328,1.99396,0.505236
94,alpha,48,1.03559,1.17777,0.319946
94,alpha,49,1.256731,1.163305,0.297874
94,alpha,50,1.463729,1.201005,0.310138
94,alpha,51,0.711662,0.82781,0.220184
94,alpha,52,1.430691,1.62188,0.448594
94,alpha,53,1.360195,0.97402,0.256435
94,alpha,54,1.617516,1.327485,0.362742
94,alpha,55,2.849693,1.9264,0.53115
94,alpha,56,1.864735,1.559865,0.409498
94,alpha,57,2.360288,1.88235,0.480684
94,alpha,58,1.205197,1.254205,0.320671
94,alpha,59,0.984912,1.138045,0.309948
94,alpha,60,1.101572,1.09241,0.286033
94,alpha,61,1.15924,1.13512,0.310407
94,alpha,62,0.821891,1.061615,0.304002
94,alpha,63,1.504871,1.4149,0.349741
94,alpha,64,1.856253,1.49401,0.40135
94,alpha,65,0.734985,1.11814,0.292362
94,alpha,66,0.891662,1.531495,0.447369
94,alpha,67,0.587609,0.906965,0.25416
94,alpha,68,0.980111,0.766588,0.225142
94,alpha,69,0.644932,0.871067,0.241637
94,alpha,70,1.658272,2.1963,0.674048
94,alpha,71,0.764914,0.829627,0.241919
94,alpha,72,1.023763,1.458545,0.373887
94,alpha,73,0.966818,1.27381,0.356216
94,alpha,74,0.766523,0.847555,0.252806
94,alpha,75,1.093494,1.456735,0.400762
94,alpha,76,0.802028,0.957395,0.247895
94,alpha,77,1.364625,1.266715,0.314981
94,alpha,78,1.18151,1.30621,0.358149
94,alpha,79,0.555547,0.754868,0.237898
94,alpha,80,1.108417,1.40818,0.381176
94,alpha,81,0.562726,0.670011,0.214153
94,alpha,82,2.025011,1.534245,0.370134
94,alpha,83,0.639865,0.774236,0.222929
94,alpha,84,1.352194,1.48215,0.408429
94,alpha,85,2.175321,1.502745,0.402694
94,alpha,86,1.409695,1.37025,0.356122
94,alpha,87,1.327337,1.343015,0.373241
94,alpha,88,1.148455,1.44209,0.386304
94,alpha,89,1.48467,2.49048,0.841576
94,alpha,90,1.353162,1.66692,0.45939
94,alpha,91,1.175363,1.31247,0.408498
94,alpha,92,1.257707,1.60335,0.456102
94,alpha,93,3.211653,2.33287,0.659757
94,alpha,94,1.096363,1.041795,0.318966
94,alpha,95,1.005788,1.07072,0.299263
94,alpha,96,0.538685,0.824881,0.229703
94,alpha,97,0.824776,0.72946,0.221274
94,alpha,98,1.182048,0.948214,0.267118
94,alpha,99,0.818579,0.699296,0.199644
94,alpha,100,0.573887,1.15531,0.340044
94,alpha,101,1.069279,1.054955,0.315423
94,alpha,102,2.295114,1.454355,0.410494
94,alpha,103,0.694172,0.973686,0.306764
94,alpha,104,1.232656,1.03986,0.316982
94,alpha,105,0.827413,1.420335,0.412374
94,alpha,106,0.898338,1.0581,0.302831
94,alpha,107,0.809967,1.14224,0.311817
94,alpha,108,0.617118,1.07148,0.305083
94,alpha,109,0.498986,1.000965,0.271201
94,alpha,110,0.952636,1.116365,0.316361
94,alpha,111,1.432226,1.182415,0.323973
94,alpha,112,0.667402,0.915688,0.277195
94,alpha,113,3.656476,2.83352,0.789011
94,alpha,114,0.805433,0.865222,0.247693
94,alpha,115,1.084539,1.971485,0.60216
94,alpha,116,1.820631,1.54846,0.508034
94,alpha,117,1.003529,1.22338,0.369741
94,alpha,118,4.203604,2.96655,0.892044
94,alpha,119,1.711102,1.1612,0.357025
94,alpha,120,2.44817,2.01832,0.556106
94,alpha,121,1.006061,1.236595,0.352849
94,alpha,122,2.372329,2.09934,0.535745
94,alpha,123,2.114116,1.70065,0.468025
94,alpha,124,1.533773,1.420425,0.375767
94,alpha,125,0.760287,0.847363,0.261946
94,alpha,126,2.142011,1.727925,0.475887
94,alpha,127,0.73744,1.10458,0.341312
94,alpha,128,1.247307,0.874884,0.295799
